4500
22886.00000
22913.00000
22935.00000
22892.00000
22899.00000
22931.00000
22934.00000
22886.00000
22885.00000
22895.00000
22952.00000
22944.00000
22850.00000
22830.00000
22829.00000
22854.00000
22828.00000
22854.00000
22868.00000
22779.00000
23219.00000
22296.00000
22382.00000
24895.00000
24950.00000
17927.00000
12369.00000
38232.00000
1430.000000
18105.00000
65245.00000
7582.000000
26058.00000
42876.00000
-16626.00000
35305.00000
12823.00000
34268.00000
66672.00000
-4687.000000
32514.00000
20769.00000
-21073.00000
47479.00000
10056.00000
9233.000000
4862.000000
49518.00000
53970.00000
23194.00000
-7604.000000
-104366.0000
21833.00000
-48643.00000
656924.0000
-478176.0000
219928.0000
-24033.00000
-121739.0000
186109.0000
-234429.0000
58319.00000
80139.00000
425817.0000
-682623.0000
616507.0000
-166056.0000
29404.00000
27566.00000
100562.0000
-7085.000000
-250644.0000
496352.0000
-388239.0000
-7566.000000
-90977.00000
1063810.000
-1235920.000
-1209470.000
4100930.000
-2200000.000
-2303410.000
1508530.000
1751630.000
277901.0000
-355532.0000
-682462.0000
-508015.0000
-241630.0000
36923.00000
264432.0000
257410.0000
173149.0000
130798.0000
107091.0000
-98221.00000
-33179.00000
17429.00000
11583.00000
-48085.00000
9884.000000
11035.00000
13075.00000
85438.00000
3408.000000
34286.00000
17305.00000
43592.00000
47782.00000
40025.00000
-41336.00000
19014.00000
50225.00000
30352.00000
-10803.00000
30208.00000
36195.00000
33256.00000
-5149.000000
19115.00000
55252.00000
30272.00000
-16580.00000
22212.00000
49899.00000
18028.00000
27208.00000
-12387.00000
43003.00000
43952.00000
-17564.00000
60252.00000
2506.000000
27629.00000
23677.00000
24189.00000
32665.00000
18619.00000
13432.00000
30315.00000
7936.000000
38256.00000
24453.00000
19046.00000
10510.00000
24121.00000
37223.00000
19803.00000
22228.00000
15999.00000
19076.00000
40320.00000
13715.00000
33040.00000
10216.00000
20420.00000
14560.00000
21910.00000
46777.00000
13836.00000
26535.00000
5817.000000
43699.00000
5929.000000
47776.00000
-5859.000000
33715.00000
21367.00000
21002.00000
28936.00000
10626.00000
14937.00000
48691.00000
17532.00000
19730.00000
13877.00000
44802.00000
11428.00000
15337.00000
25663.00000
22061.00000
25077.00000
4837.000000
43194.00000
18489.00000
28036.00000
24047.00000
33372.00000
20852.00000
-133.0000000
32364.00000
10764.00000
38020.00000
29711.00000
-646.0000000
41216.00000
31120.00000
15494.00000
13218.00000
24717.00000
29620.00000
63.00000000
38302.00000
31294.00000
14593.00000
20477.00000
25198.00000
17164.00000
27408.00000
26649.00000
8638.000000
31504.00000
42539.00000
1820.000000
29587.00000
8145.000000
31208.00000
28461.00000
16710.00000
19427.00000
28761.00000
33596.00000
19792.00000
50471.00000
-11315.00000
30761.00000
27429.00000
12791.00000
24327.00000
22094.00000
4638.000000
37317.00000
24258.00000
36669.00000
-14624.00000
35231.00000
31833.00000
38283.00000
4478.000000
32181.00000
12622.00000
62622.00000
7990.000000
9301.000000
5200.000000
29219.00000
50826.00000
2424.000000
19985.00000
24609.00000
12623.00000
28991.00000
10695.00000
29910.00000
16126.00000
36740.00000
25824.00000
-4700.000000
44323.00000
17403.00000
13996.00000
47676.00000
51138.00000
43684.00000
-8583.000000
6424.000000
16562.00000
37399.00000
-2827.000000
5795.000000
73505.00000
29970.00000
3539.000000
14967.00000
406.0000000
-5140.000000
32773.00000
91652.00000
-3238.000000
42869.00000
-16007.00000
24216.00000
36449.00000
44327.00000
37598.00000
10369.00000
-1482.000000
25680.00000
-6399.000000
28355.00000
-10071.00000
60750.00000
39944.00000
16542.00000
46775.00000
67802.00000
-1526.000000
30941.00000
-17634.00000
223.0000000
34091.00000
17451.00000
47063.00000
-1748.000000
42666.00000
-12666.00000
99435.00000
-15871.00000
-16026.00000
50094.00000
27234.00000
-360.0000000
42900.00000
49640.00000
12302.00000
23171.00000
14138.00000
-13781.00000
29326.00000
39303.00000
27371.00000
37530.00000
17056.00000
34867.00000
13790.00000
11842.00000
19728.00000
57038.00000
53913.00000
31176.00000
9454.000000
2958.000000
-12510.00000
-1780.000000
27315.00000
29456.00000
24337.00000
9000.000000
17020.00000
31101.00000
423.0000000
65894.00000
41729.00000
15738.00000
21385.00000
18512.00000
34659.00000
25860.00000
41520.00000
32202.00000
31318.00000
8417.000000
25819.00000
18110.00000
24739.00000
-21562.00000
45382.00000
23969.00000
-6256.000000
11237.00000
26842.00000
50040.00000
20126.00000
9724.000000
25402.00000
15925.00000
23791.00000
20915.00000
46331.00000
39252.00000
14526.00000
39412.00000
39869.00000
30182.00000
19071.00000
22709.00000
24530.00000
-10413.00000
-77.00000000
-3416.000000
18182.00000
51507.00000
24517.00000
46981.00000
18979.00000
6985.000000
18405.00000
28145.00000
34852.00000
41722.00000
19947.00000
32341.00000
24930.00000
2985.000000
32252.00000
11476.00000
37940.00000
18290.00000
25161.00000
36930.00000
28425.00000
-6747.000000
5421.000000
-5453.000000
9112.000000
25032.00000
46734.00000
35472.00000
51245.00000
30134.00000
28246.00000
38726.00000
45341.00000
36508.00000
11876.00000
7103.000000
3267.000000
11096.00000
17463.00000
-2504.000000
11891.00000
27841.00000
36047.00000
2769.000000
13299.00000
17878.00000
51389.00000
52958.00000
47188.00000
38301.00000
42897.00000
7050.000000
8533.000000
783.0000000
5052.000000
32696.00000
23098.00000
1797.000000
21174.00000
25344.00000
-985.0000000
1796.000000
56625.00000
95548.00000
63864.00000
15251.00000
-10012.00000
21577.00000
60006.00000
33959.00000
-22158.00000
-43056.00000
-28137.00000
-1181.000000
84750.00000
45938.00000
45534.00000
-24111.00000
26514.00000
5332.000000
88231.00000
100984.0000
92078.00000
52645.00000
-30635.00000
-56658.00000
-58821.00000
-41493.00000
-32309.00000
41815.00000
96545.00000
119323.0000
105305.0000
68088.00000
10421.00000
-25863.00000
-41275.00000
-37673.00000
-31199.00000
20670.00000
49474.00000
50857.00000
56934.00000
42863.00000
42215.00000
33722.00000
10724.00000
20019.00000
20013.00000
25786.00000
28678.00000
18597.00000
19204.00000
32117.00000
15100.00000
6723.000000
10391.00000
21807.00000
28019.00000
29351.00000
25689.00000
20003.00000
15222.00000
30884.00000
31320.00000
18310.00000
25728.00000
33311.00000
29458.00000
25323.00000
30496.00000
29670.00000
29668.00000
25298.00000
20607.00000
29136.00000
22133.00000
8274.000000
18757.00000
21785.00000
20310.00000
18384.00000
21677.00000
10704.00000
10179.00000
23171.00000
23628.00000
24669.00000
33343.00000
36465.00000
37308.00000
40192.00000
36061.00000
22924.00000
23001.00000
23573.00000
25069.00000
17248.00000
21300.00000
26146.00000
3615.000000
10714.00000
8909.000000
15398.00000
17580.00000
25881.00000
27171.00000
37826.00000
43979.00000
35579.00000
31536.00000
39437.00000
34711.00000
35803.00000
20020.00000
7291.000000
13153.00000
12007.00000
21387.00000
12737.00000
13819.00000
17878.00000
7564.000000
13492.00000
30045.00000
46462.00000
41878.00000
34583.00000
13836.00000
52415.00000
29750.00000
9202.000000
22803.00000
34276.00000
36230.00000
18784.00000
14439.00000
7753.000000
15442.00000
5455.000000
7527.000000
17802.00000
12247.00000
40383.00000
58320.00000
43010.00000
31979.00000
32492.00000
31638.00000
32728.00000
21728.00000
14376.00000
15225.00000
19125.00000
9716.000000
7705.000000
14865.00000
17293.00000
8360.000000
36640.00000
37089.00000
36331.00000
40300.00000
40790.00000
43974.00000
40573.00000
5185.000000
3091.000000
25550.00000
43920.00000
12447.00000
-14123.00000
-21962.00000
21298.00000
53692.00000
51080.00000
18469.00000
-5564.000000
28426.00000
77772.00000
105772.0000
61606.00000
6863.000000
-35493.00000
-59278.00000
-25403.00000
49504.00000
79503.00000
56996.00000
19233.00000
-29845.00000
-44059.00000
-9403.000000
56937.00000
113906.0000
126689.0000
115261.0000
37752.00000
-48103.00000
-82404.00000
-77557.00000
-51562.00000
454.0000000
76247.00000
121005.0000
123140.0000
95427.00000
53639.00000
12032.00000
-36570.00000
-51803.00000
-44146.00000
-21097.00000
12159.00000
40086.00000
67392.00000
83704.00000
73739.00000
51265.00000
23462.00000
6751.000000
-6782.000000
-725.0000000
5219.000000
19550.00000
26674.00000
34003.00000
32203.00000
26537.00000
24234.00000
30151.00000
37279.00000
27087.00000
27870.00000
26874.00000
29205.00000
26884.00000
19569.00000
16941.00000
9083.000000
15716.00000
21972.00000
28372.00000
27344.00000
29871.00000
30975.00000
26818.00000
25527.00000
20370.00000
23239.00000
27497.00000
20287.00000
18739.00000
27461.00000
33169.00000
36618.00000
26174.00000
23895.00000
20049.00000
21166.00000
27584.00000
29254.00000
29811.00000
29998.00000
32983.00000
28188.00000
17130.00000
11002.00000
10332.00000
19874.00000
22128.00000
31933.00000
28377.00000
22416.00000
22586.00000
26795.00000
30622.00000
34294.00000
29053.00000
30118.00000
24105.00000
21462.00000
17533.00000
12658.00000
20691.00000
28731.00000
38574.00000
37983.00000
38453.00000
33481.00000
24459.00000
13351.00000
9496.000000
12988.00000
20641.00000
29616.00000
30138.00000
24871.00000
26547.00000
23299.00000
20350.00000
22600.00000
29159.00000
27968.00000
26967.00000
25350.00000
22690.00000
23801.00000
23606.00000
29393.00000
31062.00000
31107.00000
32001.00000
30085.00000
31063.00000
26869.00000
22067.00000
17598.00000
17468.00000
20391.00000
22547.00000
24803.00000
28578.00000
27348.00000
27237.00000
19714.00000
22292.00000
21312.00000
23856.00000
26908.00000
32601.00000
27983.00000
25974.00000
24040.00000
27497.00000
30611.00000
28407.00000
24126.00000
28827.00000
32561.00000
31675.00000
24049.00000
17672.00000
14241.00000
12841.00000
18705.00000
23819.00000
26371.00000
27913.00000
31870.00000
28912.00000
29943.00000
27762.00000
31109.00000
30278.00000
27179.00000
22920.00000
23956.00000
29604.00000
30032.00000
31552.00000
27948.00000
23742.00000
16714.00000
16654.00000
19329.00000
25086.00000
27057.00000
25790.00000
22328.00000
20577.00000
22819.00000
26733.00000
29071.00000
27076.00000
28393.00000
30234.00000
30486.00000
33090.00000
34448.00000
29538.00000
24350.00000
24617.00000
24449.00000
23554.00000
21622.00000
19073.00000
17349.00000
16743.00000
22245.00000
26823.00000
27982.00000
27508.00000
29313.00000
26746.00000
27184.00000
28628.00000
32959.00000
34644.00000
31182.00000
28949.00000
27255.00000
29187.00000
30846.00000
28530.00000
20605.00000
16877.00000
18173.00000
20136.00000
21872.00000
24169.00000
24554.00000
22166.00000
23093.00000
24826.00000
21798.00000
22153.00000
24534.00000
31244.00000
34162.00000
35986.00000
35529.00000
34468.00000
34448.00000
32029.00000
30608.00000
28514.00000
21115.00000
16336.00000
12065.00000
13129.00000
18746.00000
25344.00000
26591.00000
23055.00000
25399.00000
30635.00000
34139.00000
30355.00000
31502.00000
36687.00000
35819.00000
30697.00000
21840.00000
16870.00000
17192.00000
17509.00000
19778.00000
21867.00000
24152.00000
26471.00000
29159.00000
31499.00000
37958.00000
37799.00000
35450.00000
30720.00000
25322.00000
24644.00000
23062.00000
21684.00000
20902.00000
16904.00000
19289.00000
20967.00000
21854.00000
23952.00000
22502.00000
22986.00000
26536.00000
34299.00000
38216.00000
38070.00000
36735.00000
31475.00000
29175.00000
30436.00000
28476.00000
24015.00000
23753.00000
24891.00000
21053.00000
15340.00000
14011.00000
17937.00000
18194.00000
24626.00000
27838.00000
30661.00000
32447.00000
33894.00000
35357.00000
35051.00000
34031.00000
33959.00000
33678.00000
27709.00000
23424.00000
23903.00000
20139.00000
15121.00000
16303.00000
18605.00000
18443.00000
23152.00000
28542.00000
34866.00000
31787.00000
28265.00000
30435.00000
31675.00000
34007.00000
33834.00000
31742.00000
28724.00000
24120.00000
21441.00000
20917.00000
18556.00000
18675.00000
21660.00000
24755.00000
30671.00000
34158.00000
34171.00000
34773.00000
31908.00000
28068.00000
25546.00000
25899.00000
25410.00000
18975.00000
15658.00000
15422.00000
18532.00000
23176.00000
26795.00000
32569.00000
35959.00000
41446.00000
40505.00000
37172.00000
31820.00000
27845.00000
26047.00000
23385.00000
20110.00000
15452.00000
15156.00000
19996.00000
25087.00000
26691.00000
24705.00000
26222.00000
30171.00000
36789.00000
42367.00000
40877.00000
36421.00000
26953.00000
18880.00000
14366.00000
18477.00000
24666.00000
26088.00000
21697.00000
19952.00000
21783.00000
24844.00000
29644.00000
32547.00000
35356.00000
34319.00000
33137.00000
31021.00000
27420.00000
21880.00000
16341.00000
17488.00000
24091.00000
30427.00000
36964.00000
42799.00000
45005.00000
37950.00000
26800.00000
13301.00000
5556.000000
7876.000000
13159.00000
21401.00000
32114.00000
35880.00000
37229.00000
35153.00000
31351.00000
26447.00000
25279.00000
28511.00000
31729.00000
34203.00000
31066.00000
28955.00000
29023.00000
26703.00000
25089.00000
22307.00000
19667.00000
19168.00000
24184.00000
27163.00000
29246.00000
30607.00000
30741.00000
33369.00000
34894.00000
33524.00000
31191.00000
27385.00000
22501.00000
18842.00000
19540.00000
20122.00000
21469.00000
21259.00000
22386.00000
24055.00000
25131.00000
27952.00000
33271.00000
38886.00000
41562.00000
41358.00000
37432.00000
32944.00000
27542.00000
24148.00000
23833.00000
22504.00000
19449.00000
19276.00000
21834.00000
24898.00000
24988.00000
24266.00000
26346.00000
27325.00000
28383.00000
28788.00000
31319.00000
34332.00000
37247.00000
36350.00000
33685.00000
27424.00000
22545.00000
19934.00000
17308.00000
17110.00000
17957.00000
21898.00000
29315.00000
34313.00000
35967.00000
33580.00000
33733.00000
34030.00000
34217.00000
31932.00000
30115.00000
27413.00000
24389.00000
23106.00000
21517.00000
17429.00000
17566.00000
21292.00000
24262.00000
25090.00000
26553.00000
29986.00000
33686.00000
38281.00000
39517.00000
37807.00000
35297.00000
30204.00000
25497.00000
22562.00000
22190.00000
21180.00000
19860.00000
18691.00000
21100.00000
26844.00000
33943.00000
37487.00000
38404.00000
35908.00000
32326.00000
28842.00000
26059.00000
23857.00000
21964.00000
23303.00000
24138.00000
21351.00000
18401.00000
17540.00000
20256.00000
26974.00000
35832.00000
42212.00000
43513.00000
41286.00000
37735.00000
34913.00000
31152.00000
26745.00000
20623.00000
13979.00000
10713.00000
13173.00000
19601.00000
27438.00000
30968.00000
31668.00000
31573.00000
33676.00000
37887.00000
41322.00000
41483.00000
36988.00000
25459.00000
13485.00000
5850.000000
8034.000000
17117.00000
29995.00000
40500.00000
43955.00000
40209.00000
34240.00000
27929.00000
26706.00000
28541.00000
31942.00000
32520.00000
29171.00000
21307.00000
12578.00000
5984.000000
4944.000000
13967.00000
28467.00000
45964.00000
59631.00000
63122.00000
57078.00000
42521.00000
22459.00000
4367.000000
-6211.000000
-5120.000000
4201.000000
20948.00000
38337.00000
50896.00000
57161.00000
55101.00000
44032.00000
28793.00000
13790.00000
4925.000000
926.0000000
5763.000000
17115.00000
30078.00000
39268.00000
44189.00000
45134.00000
43134.00000
39140.00000
33118.00000
27826.00000
23080.00000
19833.00000
19812.00000
22332.00000
25639.00000
27866.00000
26539.00000
24788.00000
23792.00000
23720.00000
24964.00000
28544.00000
30639.00000
30747.00000
32009.00000
30492.00000
30506.00000
31290.00000
33936.00000
35640.00000
35037.00000
31551.00000
27677.00000
26025.00000
24854.00000
23554.00000
21355.00000
20592.00000
21977.00000
23455.00000
23996.00000
25664.00000
28091.00000
30576.00000
30995.00000
32051.00000
30931.00000
29582.00000
28836.00000
29609.00000
30594.00000
31850.00000
30687.00000
30428.00000
30802.00000
29873.00000
29336.00000
28011.00000
26959.00000
26924.00000
25148.00000
20740.00000
19940.00000
20259.00000
24161.00000
29307.00000
33338.00000
35353.00000
36395.00000
34510.00000
31299.00000
28277.00000
25773.00000
26022.00000
27131.00000
27792.00000
27771.00000
27101.00000
27757.00000
27790.00000
27418.00000
26176.00000
26476.00000
27114.00000
27551.00000
28251.00000
28581.00000
27185.00000
26719.00000
27521.00000
28183.00000
28324.00000
30208.00000
31234.00000
31911.00000
30547.00000
29753.00000
29536.00000
29675.00000
28556.00000
27474.00000
26935.00000
26020.00000
26120.00000
26761.00000
26943.00000
28057.00000
28054.00000
26690.00000
25815.00000
26965.00000
29035.00000
30492.00000
30401.00000
30497.00000
29990.00000
28721.00000
28106.00000
28378.00000
28586.00000
28997.00000
28178.00000
26976.00000
26846.00000
26389.00000
26079.00000
27297.00000
28598.00000
30854.00000
33486.00000
33388.00000
31156.00000
28301.00000
26003.00000
24338.00000
23051.00000
21977.00000
22878.00000
24329.00000
26319.00000
26214.00000
27795.00000
29610.00000
31986.00000
33755.00000
34758.00000
34505.00000
33239.00000
31552.00000
30216.00000
29218.00000
29264.00000
29665.00000
29236.00000
27033.00000
24721.00000
23416.00000
22994.00000
23558.00000
24310.00000
24799.00000
25705.00000
26829.00000
26551.00000
26317.00000
27486.00000
30517.00000
33832.00000
36223.00000
37196.00000
36397.00000
34287.00000
30652.00000
26455.00000
23104.00000
21147.00000
20213.00000
21226.00000
22637.00000
23747.00000
25767.00000
27082.00000
28857.00000
31659.00000
35032.00000
37461.00000
37990.00000
36783.00000
33747.00000
30950.00000
27888.00000
23784.00000
21521.00000
20983.00000
20856.00000
21753.00000
23205.00000
25210.00000
27980.00000
29038.00000
29355.00000
30307.00000
30681.00000
30937.00000
31098.00000
30636.00000
28856.00000
28065.00000
28901.00000
29743.00000
31581.00000
33164.00000
32141.00000
30103.00000
27461.00000
24899.00000
23379.00000
22837.00000
23345.00000
25840.00000
28931.00000
29881.00000
29744.00000
28292.00000
26689.00000
24873.00000
23195.00000
23730.00000
26855.00000
30319.00000
31995.00000
32662.00000
33932.00000
34249.00000
33741.00000
31949.00000
29657.00000
28150.00000
27126.00000
25898.00000
24423.00000
24373.00000
24372.00000
24911.00000
25347.00000
26150.00000
27904.00000
29711.00000
30665.00000
30645.00000
29340.00000
28781.00000
29082.00000
29814.00000
30293.00000
29669.00000
28350.00000
26872.00000
25731.00000
25574.00000
26440.00000
27084.00000
27120.00000
27581.00000
28376.00000
28763.00000
29665.00000
30902.00000
31586.00000
31156.00000
30712.00000
29622.00000
28396.00000
27578.00000
27025.00000
25777.00000
24306.00000
23975.00000
24247.00000
25877.00000
27082.00000
27279.00000
27785.00000
28647.00000
29561.00000
30828.00000
31455.00000
31090.00000
29926.00000
29640.00000
30500.00000
31113.00000
29627.00000
28178.00000
27119.00000
25261.00000
23024.00000
22819.00000
24788.00000
27378.00000
28604.00000
27889.00000
28175.00000
29308.00000
29635.00000
29245.00000
30304.00000
31109.00000
30196.00000
29121.00000
27766.00000
28046.00000
28844.00000
29092.00000
27511.00000
26698.00000
26949.00000
26887.00000
27011.00000
27352.00000
27998.00000
28045.00000
27556.00000
27174.00000
28359.00000
29880.00000
30343.00000
29325.00000
27193.00000
25669.00000
25893.00000
26603.00000
26744.00000
26249.00000
26069.00000
26387.00000
26990.00000
27472.00000
28114.00000
29068.00000
30673.00000
32650.00000
33959.00000
33367.00000
32120.00000
29982.00000
28534.00000
27524.00000
26700.00000
26229.00000
24750.00000
23840.00000
23060.00000
22534.00000
22434.00000
23418.00000
26718.00000
31469.00000
35294.00000
36250.00000
35126.00000
32400.00000
29342.00000
27191.00000
25509.00000
24632.00000
25904.00000
27304.00000
28165.00000
28893.00000
27503.00000
25091.00000
22608.00000
21251.00000
22137.00000
25321.00000
29921.00000
33945.00000
35796.00000
35461.00000
33942.00000
31025.00000
27771.00000
24759.00000
22758.00000
22363.00000
23155.00000
25343.00000
27738.00000
29984.00000
30506.00000
29772.00000
29157.00000
29018.00000
28843.00000
28396.00000
28461.00000
28773.00000
29570.00000
29659.00000
28936.00000
27371.00000
25068.00000
23085.00000
22472.00000
22612.00000
23186.00000
24848.00000
27770.00000
31379.00000
34192.00000
36692.00000
37017.00000
35533.00000
32951.00000
28990.00000
25212.00000
22932.00000
21397.00000
20250.00000
19940.00000
20416.00000
21608.00000
23077.00000
24975.00000
28104.00000
31338.00000
33606.00000
35226.00000
36299.00000
35694.00000
33509.00000
31127.00000
28790.00000
26923.00000
24590.00000
22595.00000
22036.00000
22914.00000
24277.00000
25781.00000
27458.00000
28784.00000
29771.00000
30146.00000
29578.00000
28917.00000
28698.00000
27642.00000
25562.00000
23796.00000
23111.00000
23759.00000
25464.00000
26810.00000
28568.00000
31177.00000
33490.00000
34645.00000
34831.00000
34236.00000
32819.00000
29977.00000
26356.00000
22573.00000
19689.00000
17665.00000
16994.00000
18498.00000
21752.00000
25596.00000
29416.00000
33654.00000
36428.00000
37473.00000
36914.00000
35650.00000
33306.00000
30280.00000
27092.00000
24106.00000
22269.00000
20860.00000
19937.00000
20615.00000
22730.00000
25115.00000
27395.00000
28728.00000
29579.00000
30643.00000
31293.00000
30716.00000
29212.00000
27458.00000
25827.00000
24569.00000
24294.00000
24966.00000
27252.00000
30147.00000
32138.00000
34022.00000
34844.00000
34165.00000
32587.00000
29713.00000
26217.00000
23422.00000
20206.00000
17073.00000
15758.00000
16887.00000
20377.00000
25152.00000
29827.00000
34010.00000
36827.00000
37523.00000
36169.00000
32282.00000
27913.00000
24708.00000
23408.00000
23261.00000
24207.00000
25064.00000
25601.00000
26259.00000
26939.00000
28486.00000
30079.00000
31632.00000
32482.00000
31930.00000
29857.00000
25878.00000
21754.00000
19062.00000
18441.00000
20085.00000
23664.00000
28034.00000
32796.00000
36880.00000
38260.00000
36206.00000
31966.00000
26871.00000
22342.00000
18748.00000
17472.00000
18976.00000
22603.00000
27323.00000
32122.00000
35280.00000
36519.00000
35241.00000
31959.00000
27906.00000
24369.00000
21774.00000
20984.00000
21737.00000
23537.00000
25456.00000
27355.00000
28819.00000
29538.00000
28421.00000
27478.00000
27100.00000
26654.00000
26566.00000
26752.00000
27557.00000
28179.00000
28344.00000
28333.00000
28409.00000
28477.00000
28574.00000
27843.00000
26458.00000
25147.00000
24422.00000
24588.00000
25334.00000
26259.00000
26818.00000
27281.00000
27999.00000
29073.00000
30410.00000
31140.00000
30893.00000
29549.00000
27780.00000
26231.00000
25270.00000
25069.00000
25026.00000
24807.00000
24298.00000
23942.00000
24642.00000
25546.00000
26295.00000
26915.00000
27585.00000
28066.00000
28396.00000
28919.00000
28954.00000
28701.00000
28269.00000
28512.00000
28742.00000
29025.00000
29170.00000
28461.00000
27236.00000
25514.00000
23462.00000
21554.00000
20464.00000
20891.00000
22344.00000
24112.00000
26421.00000
28955.00000
30861.00000
32088.00000
32754.00000
33008.00000
32228.00000
30963.00000
29308.00000
28084.00000
26978.00000
25281.00000
23567.00000
22387.00000
21882.00000
22057.00000
23132.00000
24324.00000
25481.00000
26492.00000
27264.00000
27986.00000
28745.00000
29349.00000
29643.00000
29338.00000
28705.00000
28120.00000
27583.00000
26660.00000
25965.00000
25862.00000
26070.00000
25864.00000
25435.00000
24930.00000
24982.00000
25364.00000
25954.00000
26557.00000
27105.00000
27951.00000
28446.00000
28613.00000
28760.00000
29306.00000
29501.00000
28722.00000
27568.00000
26117.00000
24453.00000
23286.00000
22713.00000
23277.00000
24451.00000
26114.00000
27275.00000
27674.00000
27323.00000
26942.00000
27174.00000
27423.00000
28266.00000
28984.00000
29079.00000
28580.00000
27535.00000
26042.00000
24503.00000
23870.00000
24552.00000
25641.00000
26242.00000
26352.00000
26801.00000
27007.00000
26609.00000
26052.00000
25972.00000
26487.00000
27161.00000
27521.00000
27325.00000
26808.00000
26309.00000
25613.00000
25416.00000
26088.00000
26998.00000
27328.00000
27199.00000
27604.00000
28140.00000
28488.00000
28134.00000
27168.00000
26027.00000
25468.00000
25519.00000
25823.00000
25553.00000
24801.00000
24296.00000
24087.00000
24143.00000
24769.00000
25856.00000
27040.00000
27948.00000
28722.00000
28668.00000
27993.00000
27396.00000
27152.00000
27264.00000
26743.00000
26043.00000
25149.00000
24582.00000
24575.00000
24821.00000
25405.00000
25969.00000
26540.00000
27408.00000
28281.00000
28439.00000
27990.00000
27219.00000
26351.00000
25630.00000
25098.00000
24995.00000
24997.00000
25314.00000
25606.00000
25936.00000
26437.00000
25917.00000
26492.00000
25403.00000
25836.00000
27028.00000
27345.00000
27184.00000
27356.00000
27255.00000
26692.00000
26031.00000
25164.00000
24521.00000
24525.00000
24929.00000
25771.00000
26724.00000
27687.00000
28220.00000
28132.00000
27763.00000
27585.00000
27282.00000
26793.00000
26319.00000
25995.00000
25902.00000
25799.00000
25872.00000
25978.00000
25481.00000
24775.00000
24252.00000
24242.00000
24494.00000
24687.00000
24606.00000
24622.00000
24616.00000
24677.00000
25058.00000
26116.00000
27326.00000
28241.00000
28956.00000
29439.00000
29510.00000
29419.00000
28951.00000
28046.00000
26468.00000
24583.00000
23287.00000
22552.00000
22203.00000
22245.00000
22783.00000
23673.00000
24627.00000
25542.00000
26590.00000
27613.00000
28576.00000
29291.00000
29345.00000
28878.00000
28294.00000
27337.00000
26300.00000
25177.00000
24098.00000
23745.00000
23852.00000
24372.00000
24942.00000
25232.00000
25577.00000
26355.00000
27000.00000
27027.00000
26811.00000
26476.00000
26409.00000
25944.00000
25503.00000
25174.00000
24954.00000
24553.00000
24154.00000
23888.00000
24037.00000
24783.00000
25779.00000
26716.00000
27157.00000
27583.00000
28127.00000
27934.00000
27446.00000
26538.00000
25616.00000
24547.00000
23638.00000
23553.00000
23487.00000
23386.00000
23574.00000
24591.00000
25954.00000
27369.00000
28686.00000
29378.00000
29337.00000
29029.00000
29044.00000
29075.00000
29111.00000
28546.00000
26855.00000
24608.00000
22287.00000
20251.00000
18818.00000
18610.00000
19639.00000
21021.00000
22617.00000
24696.00000
26493.00000
28100.00000
29125.00000
29585.00000
29863.00000
30096.00000
30070.00000
29817.00000
29240.00000
27846.00000
26011.00000
24004.00000
22697.00000
22679.00000
23262.00000
23881.00000
24092.00000
23425.00000
22815.00000
22872.00000
23832.00000
24993.00000
26289.00000
27253.00000
27752.00000
27584.00000
26721.00000
25581.00000
24525.00000
24452.00000
25390.00000
26857.00000
28285.00000
29462.00000
30190.00000
29931.00000
28300.00000
25351.00000
22204.00000
19957.00000
19151.00000
19988.00000
21897.00000
23731.00000
25148.00000
26320.00000
27146.00000
27322.00000
26837.00000
25896.00000
25271.00000
25628.00000
26666.00000
27935.00000
28934.00000
29029.00000
28507.00000
27360.00000
25619.00000
23259.00000
21357.00000
20378.00000
20445.00000
21374.00000
23194.00000
25549.00000
27870.00000
29671.00000
30500.00000
30159.00000
29015.00000
27576.00000
26115.00000
24615.00000
23372.00000
22565.00000
22245.00000
22062.00000
22197.00000
22929.00000
24217.00000
25976.00000
27384.00000
28056.00000
28237.00000
27993.00000
26988.00000
25804.00000
24823.00000
24121.00000
23693.00000
23613.00000
23746.00000
23894.00000
24257.00000
25109.00000
26133.00000
26951.00000
27508.00000
27495.00000
27272.00000
26798.00000
26529.00000
26312.00000
25730.00000
24980.00000
24011.00000
22994.00000
22364.00000
22055.00000
22234.00000
23150.00000
24707.00000
26225.00000
27395.00000
28109.00000
28391.00000
28202.00000
27692.00000
26598.00000
25192.00000
23798.00000
22595.00000
22254.00000
22455.00000
23589.00000
24797.00000
25796.00000
27270.00000
28040.00000
28520.00000
28232.00000
27010.00000
25378.00000
23838.00000
22524.00000
21601.00000
21244.00000
21216.00000
22055.00000
23781.00000
25848.00000
27795.00000
29159.00000
29958.00000
30206.00000
29613.00000
28412.00000
26738.00000
25244.00000
23981.00000
23090.00000
22389.00000
22163.00000
22437.00000
23102.00000
23738.00000
24180.00000
24643.00000
25027.00000
24998.00000
24792.00000
24563.00000
24414.00000
23888.00000
23682.00000
24344.00000
25579.00000
26895.00000
28124.00000
29290.00000
30301.00000
30501.00000
29731.00000
27961.00000
25660.00000
23194.00000
20908.00000
19361.00000
19019.00000
19884.00000
21587.00000
23942.00000
26194.00000
27847.00000
28731.00000
28981.00000
28928.00000
28446.00000
27556.00000
26371.00000
24991.00000
23834.00000
22723.00000
21921.00000
21837.00000
22484.00000
23512.00000
24566.00000
25459.00000
26158.00000
26745.00000
26768.00000
26002.00000
24936.00000
23868.00000
23496.00000
23620.00000
24363.00000
25607.00000
27051.00000
28340.00000
29032.00000
28774.00000
27346.00000
25084.00000
22746.00000
21059.00000
20013.00000
19912.00000
20906.00000
22850.00000
25111.00000
27002.00000
28256.00000
28876.00000
28725.00000
27830.00000
26708.00000
25798.00000
25076.00000
24428.00000
24265.00000
24334.00000
24496.00000
24535.00000
24561.00000
24545.00000
24234.00000
23696.00000
23211.00000
23091.00000
23478.00000
24494.00000
25887.00000
27312.00000
28084.00000
28527.00000
28554.00000
27861.00000
26438.00000
24568.00000
22824.00000
21692.00000
21227.00000
21156.00000
21439.00000
21940.00000
22711.00000
23892.00000
25346.00000
26695.00000
27569.00000
27957.00000
27950.00000
27726.00000
27489.00000
27203.00000
26761.00000
25906.00000
25018.00000
24399.00000
24121.00000
23826.00000
23653.00000
23619.00000
23504.00000
23682.00000
24178.00000
24584.00000
24765.00000
24685.00000
24542.00000
24600.00000
24700.00000
24860.00000
24894.00000
24798.00000
24555.00000
24685.00000
24912.00000
25157.00000
25122.00000
24840.00000
24996.00000
25588.00000
26231.00000
26668.00000
26965.00000
26594.00000
26257.00000
25523.00000
24887.00000
24656.00000
24687.00000
24850.00000
24746.00000
24593.00000
24334.00000
23750.00000
23005.00000
22740.00000
23087.00000
23394.00000
24433.00000
25180.00000
25999.00000
26749.00000
26968.00000
26750.00000
26417.00000
26142.00000
25848.00000
25381.00000
24718.00000
24176.00000
23847.00000
23848.00000
23957.00000
23957.00000
23976.00000
24499.00000
25399.00000
26082.00000
25989.00000
25334.00000
24887.00000
24697.00000
24533.00000
24649.00000
24956.00000
25300.00000
25861.00000
26425.00000
26542.00000
26151.00000
25326.00000
24244.00000
23188.00000
22837.00000
23100.00000
23885.00000
24723.00000
25285.00000
25342.00000
25237.00000
25123.00000
24958.00000
24848.00000
24869.00000
24969.00000
25326.00000
25529.00000
25797.00000
26051.00000
26083.00000
25905.00000
25802.00000
25757.00000
25742.00000
25394.00000
24680.00000
23809.00000
23240.00000
23107.00000
23113.00000
23115.00000
23057.00000
23025.00000
23208.00000
23727.00000
24332.00000
25029.00000
25816.00000
26807.00000
27656.00000
28128.00000
28336.00000
28169.00000
27447.00000
26491.00000
25588.00000
24714.00000
23771.00000
22976.00000
22639.00000
22608.00000
22784.00000
23091.00000
23297.00000
23359.00000
23349.00000
23556.00000
24045.00000
24550.00000
24868.00000
25244.00000
25700.00000
26204.00000
26730.00000
27037.00000
27158.00000
27199.00000
27161.00000
27047.00000
26664.00000
25944.00000
24945.00000
24093.00000
23622.00000
23254.00000
23051.00000
23151.00000
23271.00000
23344.00000
23450.00000
23563.00000
23761.00000
24098.00000
24585.00000
25079.00000
25773.00000
26488.00000
27010.00000
27239.00000
27269.00000
27153.00000
26840.00000
26410.00000
25907.00000
25272.00000
24379.00000
23507.00000
22876.00000
22405.00000
22123.00000
21936.00000
21783.00000
22027.00000
22864.00000
24084.00000
25321.00000
26270.00000
27098.00000
27817.00000
28379.00000
28512.00000
28168.00000
27429.00000
26480.00000
25448.00000
24582.00000
23984.00000
23502.00000
22962.00000
22462.00000
22352.00000
22683.00000
23275.00000
24202.00000
25193.00000
25996.00000
26370.00000
26700.00000
26951.00000
26960.00000
26806.00000
26497.00000
26016.00000
25396.00000
24712.00000
24079.00000
23611.00000
23279.00000
22899.00000
22839.00000
23165.00000
23724.00000
24377.00000
24929.00000
25464.00000
26042.00000
26481.00000
26580.00000
26291.00000
25810.00000
25378.00000
25210.00000
25183.00000
25270.00000
25129.00000
24936.00000
24879.00000
25057.00000
25312.00000
25516.00000
25524.00000
25495.00000
25224.00000
24822.00000
24452.00000
24012.00000
23641.00000
23312.00000
23309.00000
23549.00000
23982.00000
24633.00000
25377.00000
26077.00000
26610.00000
26996.00000
27179.00000
27313.00000
27034.00000
26560.00000
25866.00000
25264.00000
24754.00000
24144.00000
23578.00000
23068.00000
22752.00000
22767.00000
23054.00000
23643.00000
24491.00000
25276.00000
26115.00000
26821.00000
27289.00000
27272.00000
26875.00000
26113.00000
25178.00000
24353.00000
23869.00000
23536.00000
23289.00000
23201.00000
23527.00000
24233.00000
25129.00000
25998.00000
26764.00000
27394.00000
27875.00000
28020.00000
27551.00000
26737.00000
25554.00000
24212.00000
22903.00000
21995.00000
21573.00000
21806.00000
22594.00000
23780.00000
25187.00000
26382.00000
27193.00000
27553.00000
27400.00000
26816.00000
26301.00000
25916.00000
25538.00000
24951.00000
24266.00000
23540.00000
23106.00000
23141.00000
23553.00000
24195.00000
24945.00000
25781.00000
26474.00000
26674.00000
26426.00000
25977.00000
25438.00000
24959.00000
24619.00000
24724.00000
25278.00000
26108.00000
26777.00000
27023.00000
26586.00000
25669.00000
24453.00000
23279.00000
22337.00000
22030.00000
22440.00000
23370.00000
24624.00000
25801.00000
26681.00000
26903.00000
26423.00000
25600.00000
24694.00000
24058.00000
24154.00000
24868.00000
26127.00000
27470.00000
28411.00000
28712.00000
28225.00000
27132.00000
25819.00000
24575.00000
23467.00000
22525.00000
21892.00000
21755.00000
22171.00000
22965.00000
23873.00000
25007.00000
26081.00000
26819.00000
27228.00000
27465.00000
27613.00000
27444.00000
26818.00000
25953.00000
25086.00000
24330.00000
23690.00000
23380.00000
23462.00000
23947.00000
24499.00000
25064.00000
25500.00000
25957.00000
26251.00000
26486.00000
26745.00000
26711.00000
26311.00000
25821.00000
25443.00000
25235.00000
25176.00000
25121.00000
25062.00000
24726.00000
24393.00000
24145.00000
24047.00000
24169.00000
24388.00000
24608.00000
24797.00000
25305.00000
25948.00000
26398.00000
26537.00000
26404.00000
26138.00000
25933.00000
25994.00000
26292.00000
26567.00000
26689.00000
26384.00000
25850.00000
25134.00000
24383.00000
23459.00000
22657.00000
22172.00000
22210.00000
22592.00000
23247.00000
24210.00000
25227.00000
26127.00000
26986.00000
27657.00000
28155.00000
28351.00000
28196.00000
27677.00000
26872.00000
25898.00000
24926.00000
24192.00000
23742.00000
23680.00000
23935.00000
24597.00000
25494.00000
26217.00000
26614.00000
26695.00000
26471.00000
25963.00000
25454.00000
24919.00000
24405.00000
24216.00000
24389.00000
24881.00000
25484.00000
26107.00000
26449.00000
26491.00000
26390.00000
26249.00000
25879.00000
25162.00000
24197.00000
23414.00000
23122.00000
23407.00000
24062.00000
24840.00000
25702.00000
26746.00000
27713.00000
28248.00000
28153.00000
27453.00000
26417.00000
25338.00000
24290.00000
23512.00000
23129.00000
23425.00000
23934.00000
24741.00000
25674.00000
26566.00000
27224.00000
27474.00000
27341.00000
27068.00000
26620.00000
25963.00000
25093.00000
24400.00000
23911.00000
23576.00000
23641.00000
24017.00000
24712.00000
25502.00000
26258.00000
26726.00000
26933.00000
26767.00000
26429.00000
26081.00000
25773.00000
25607.00000
25570.00000
25920.00000
25838.00000
25656.00000
25384.00000
25093.00000
24844.00000
24615.00000
24501.00000
24179.00000
23921.00000
23962.00000
24328.00000
25190.00000
25774.00000
27049.00000
27908.00000
28197.00000
28329.00000
28148.00000
27552.00000
26888.00000
26080.00000
25250.00000
24654.00000
24394.00000
24027.00000
24039.00000
24574.00000
24521.00000
24538.00000
24783.00000
24685.00000
24336.00000
25408.00000
24962.00000
25871.00000
25685.00000
26054.00000
26624.00000
26856.00000
26773.00000
26675.00000
26824.00000
26629.00000
26327.00000
26471.00000
26125.00000
25655.00000
25348.00000
25177.00000
24977.00000
24845.00000
24634.00000
24773.00000
24947.00000
24766.00000
24607.00000
24811.00000
24936.00000
25389.00000
25958.00000
26212.00000
26463.00000
26703.00000
26615.00000
27061.00000
27603.00000
27670.00000
27491.00000
27325.00000
26998.00000
26339.00000
25644.00000
24980.00000
24126.00000
23554.00000
23426.00000
23652.00000
24015.00000
24485.00000
25065.00000
25475.00000
25910.00000
26196.00000
26465.00000
26709.00000
26778.00000
27021.00000
27159.00000
27197.00000
27219.00000
26914.00000
26398.00000
26006.00000
25616.00000
25301.00000
25004.00000
24650.00000
24478.00000
24525.00000
24739.00000
25215.00000
25579.00000
25880.00000
26131.00000
26410.00000
26712.00000
26916.00000
26972.00000
26850.00000
26673.00000
26620.00000
26482.00000
26292.00000
26079.00000
25564.00000
25087.00000
24561.00000
24389.00000
24491.00000
24630.00000
24799.00000
25111.00000
25386.00000
25443.00000
25587.00000
26000.00000
26360.00000
26615.00000
26974.00000
27249.00000
27567.00000
27876.00000
28085.00000
28104.00000
27957.00000
27492.00000
26729.00000
25957.00000
25264.00000
24616.00000
24230.00000
23819.00000
23403.00000
23194.00000
23193.00000
23559.00000
24336.00000
25266.00000
26314.00000
27345.00000
28331.00000
28986.00000
29118.00000
29025.00000
28712.00000
27851.00000
26708.00000
25757.00000
25017.00000
24419.00000
24039.00000
23815.00000
23762.00000
23939.00000
24328.00000
25028.00000
25833.00000
26581.00000
27196.00000
27617.00000
27785.00000
27743.00000
27477.00000
26972.00000
26483.00000
26096.00000
25812.00000
25536.00000
25433.00000
25445.00000
25591.00000
25849.00000
25881.00000
25850.00000
25901.00000
26088.00000
26166.00000
26208.00000
26344.00000
26311.00000
26209.00000
26111.00000
25774.00000
25476.00000
25481.00000
25761.00000
26070.00000
26305.00000
26447.00000
26442.00000
26456.00000
26397.00000
26461.00000
26432.00000
26371.00000
26391.00000
26329.00000
26148.00000
25761.00000
25350.00000
24864.00000
24543.00000
24699.00000
25286.00000
25934.00000
26322.00000
26658.00000
26801.00000
26943.00000
27161.00000
27410.00000
27509.00000
27501.00000
27367.00000
27143.00000
26848.00000
26543.00000
26281.00000
26073.00000
25906.00000
25939.00000
25985.00000
26070.00000
26116.00000
26049.00000
25857.00000
25618.00000
25322.00000
25240.00000
25160.00000
25162.00000
25426.00000
25800.00000
26200.00000
26529.00000
26622.00000
26574.00000
26548.00000
26637.00000
26763.00000
26987.00000
27226.00000
27412.00000
27516.00000
27595.00000
27659.00000
27566.00000
27183.00000
26627.00000
26064.00000
25544.00000
25083.00000
24590.00000
24312.00000
24194.00000
24356.00000
24740.00000
25394.00000
26061.00000
26697.00000
27351.00000
27817.00000
28146.00000
28267.00000
28125.00000
27832.00000
27227.00000
26685.00000
26292.00000
25882.00000
25454.00000
25177.00000
24990.00000
24955.00000
25156.00000
25482.00000
25919.00000
26502.00000
27238.00000
27758.00000
28042.00000
28045.00000
27690.00000
26977.00000
26181.00000
25482.00000
24918.00000
24611.00000
24591.00000
24878.00000
25404.00000
26214.00000
27083.00000
27852.00000
28310.00000
28420.00000
28300.00000
27931.00000
27352.00000
26715.00000
26045.00000
25552.00000
25287.00000
25314.00000
25467.00000
25730.00000
25946.00000
26156.00000
26482.00000
26801.00000
26900.00000
26817.00000
26731.00000
26401.00000
26016.00000
25688.00000
25634.00000
25832.00000
26123.00000
26498.00000
27024.00000
27514.00000
27923.00000
28093.00000
28108.00000
27940.00000
27486.00000
26711.00000
25810.00000
25042.00000
24669.00000
24514.00000
24576.00000
24724.00000
25135.00000
25831.00000
26641.00000
27529.00000
28232.00000
28836.00000
29135.00000
28952.00000
28423.00000
27703.00000
26970.00000
26392.00000
25965.00000
25422.00000
24968.00000
24804.00000
24934.00000
25341.00000
25712.00000
26016.00000
26192.00000
26292.00000
26569.00000
27056.00000
27471.00000
27699.00000
27955.00000
27986.00000
27946.00000
27889.00000
27763.00000
27338.00000
26788.00000
26153.00000
25482.00000
25010.00000
24784.00000
24801.00000
25104.00000
25738.00000
26461.00000
27146.00000
27641.00000
27937.00000
27954.00000
27630.00000
27099.00000
26579.00000
26159.00000
25913.00000
26049.00000
26399.00000
26959.00000
27462.00000
27738.00000
27650.00000
27239.00000
26608.00000
25872.00000
25292.00000
25101.00000
25141.00000
25427.00000
25812.00000
26319.00000
26845.00000
27342.00000
27646.00000
27594.00000
27351.00000
27142.00000
27079.00000
27092.00000
26980.00000
26768.00000
26707.00000
26855.00000
27055.00000
27284.00000
27474.00000
27499.00000
27500.00000
27421.00000
27207.00000
27006.00000
26700.00000
26218.00000
25704.00000
25242.00000
24914.00000
24675.00000
24583.00000
24675.00000
24981.00000
25448.00000
26047.00000
26671.00000
27388.00000
28028.00000
28646.00000
29120.00000
29298.00000
29139.00000
28729.00000
28126.00000
27551.00000
26932.00000
26408.00000
25968.00000
25528.00000
25138.00000
24973.00000
25133.00000
25438.00000
25744.00000
26063.00000
26382.00000
26687.00000
27010.00000
27212.00000
27383.00000
27490.00000
27604.00000
27762.00000
27927.00000
28074.00000
27991.00000
27785.00000
27477.00000
27136.00000
26702.00000
26244.00000
25815.00000
25563.00000
25445.00000
25514.00000
25770.00000
26162.00000
26616.00000
27055.00000
27451.00000
27774.00000
28006.00000
28087.00000
27975.00000
27681.00000
27234.00000
26702.00000
26097.00000
25657.00000
25579.00000
25758.00000
26098.00000
26409.00000
26628.00000
26780.00000
26841.00000
26838.00000
26782.00000
26780.00000
26864.00000
26944.00000
26960.00000
26962.00000
27093.00000
27273.00000
27427.00000
27479.00000
27577.00000
27735.00000
27860.00000
27846.00000
27694.00000
27442.00000
26994.00000
26452.00000
25982.00000
25571.00000
25415.00000
25503.00000
25612.00000
25716.00000
25832.00000
25987.00000
26192.00000
26413.00000
26600.00000
26805.00000
27137.00000
27565.00000
28018.00000
28411.00000
28703.00000
28740.00000
28604.00000
28274.00000
27780.00000
27233.00000
26657.00000
26027.00000
25439.00000
25058.00000
24823.00000
24878.00000
25037.00000
25378.00000
25897.00000
26514.00000
27111.00000
27649.00000
28042.00000
28321.00000
28466.00000
28449.00000
28224.00000
27841.00000
27372.00000
26873.00000
26388.00000
25985.00000
25699.00000
25623.00000
25641.00000
25802.00000
26131.00000
26528.00000
26863.00000
27104.00000
27326.00000
27526.00000
27660.00000
27676.00000
27621.00000
27494.00000
27365.00000
27157.00000
26944.00000
26743.00000
26575.00000
26420.00000
26320.00000
26251.00000
26243.00000
26276.00000
26360.00000
26413.00000
26411.00000
26430.00000
26617.00000
26798.00000
27006.00000
27097.00000
27175.00000
27348.00000
27504.00000
27593.00000
27622.00000
27632.00000
27706.00000
27806.00000
27911.00000
27907.00000
27661.00000
27087.00000
26462.00000
25800.00000
25457.00000
25234.00000
25130.00000
25152.00000
25413.00000
25802.00000
26215.00000
26652.00000
27128.00000
27499.00000
27846.00000
27948.00000
28214.00000
28275.00000
28201.00000
27796.00000
27539.00000
27189.00000
26823.00000
26668.00000
26577.00000
26534.00000
26321.00000
26110.00000
25987.00000
26057.00000
26155.00000
26348.00000
26620.00000
26848.00000
27045.00000
27118.00000
27097.00000
27186.00000
27304.00000
26897.00000
25007.00000
29226.00000
25852.00000
26157.00000
26548.00000
27285.00000
26786.00000
27057.00000
27479.00000
28089.00000
27807.00000
27803.00000
28648.00000
27447.00000
27483.00000
26915.00000
26685.00000
26049.00000
25699.00000
26009.00000
25664.00000
25821.00000
25645.00000
26146.00000
26308.00000
27213.00000
26637.00000
28896.00000
22531.00000
34288.00000
26244.00000
24748.00000
28560.00000
28958.00000
25972.00000
26932.00000
26463.00000
24724.00000
25487.00000
26291.00000
27365.00000
26138.00000
27008.00000
28126.00000
27621.00000
26822.00000
27469.00000
26970.00000
26653.00000
26214.00000
26415.00000
26314.00000
26372.00000
26184.00000
26287.00000
26989.00000
27182.00000
27305.00000
27416.00000
28040.00000
28398.00000
27914.00000
27879.00000
27599.00000
27248.00000
26603.00000
26396.00000
25964.00000
25995.00000
25860.00000
26207.00000
26302.00000
26144.00000
26643.00000
26843.00000
27380.00000
27033.00000
27285.00000
27180.00000
26728.00000
26450.00000
26154.00000
26190.00000
25649.00000
26062.00000
26233.00000
26445.00000
26899.00000
27196.00000
27186.00000
27735.00000
27809.00000
27923.00000
27894.00000
27921.00000
27528.00000
27179.00000
26999.00000
26607.00000
25892.00000
26141.00000
25533.00000
25103.00000
25287.00000
25913.00000
25826.00000
25850.00000
26951.00000
27193.00000
27021.00000
27424.00000
27669.00000
27839.00000
27517.00000
27653.00000
27372.00000
27013.00000
26455.00000
26180.00000
25908.00000
25949.00000
25912.00000
25779.00000
26203.00000
26336.00000
26535.00000
26545.00000
26823.00000
26997.00000
27273.00000
27560.00000
27599.00000
27790.00000
27700.00000
27552.00000
27256.00000
26998.00000
26681.00000
26181.00000
25689.00000
25205.00000
25025.00000
24958.00000
25090.00000
25480.00000
26034.00000
26572.00000
27207.00000
27638.00000
28235.00000
28453.00000
28635.00000
28529.00000
28141.00000
27770.00000
27135.00000
26606.00000
26103.00000
25797.00000
25525.00000
25565.00000
25478.00000
25637.00000
25621.00000
25691.00000
26056.00000
26089.00000
26206.00000
26521.00000
26491.00000
26581.00000
26685.00000
26771.00000
27022.00000
27340.00000
27394.00000
27606.00000
27792.00000
27731.00000
27685.00000
27370.00000
26994.00000
26574.00000
26161.00000
25948.00000
25877.00000
25598.00000
25596.00000
25622.00000
25833.00000
25953.00000
26340.00000
26856.00000
27115.00000
27179.00000
27513.00000
27481.00000
27316.00000
27187.00000
26851.00000
26347.00000
25993.00000
25701.00000
25508.00000
25574.00000
25827.00000
26226.00000
26591.00000
27350.00000
27551.00000
27837.00000
27150.00000
27691.00000
27476.00000
26468.00000
25998.00000
25958.00000
25576.00000
25386.00000
25555.00000
25653.00000
26062.00000
26571.00000
26907.00000
27392.00000
27567.00000
27551.00000
27421.00000
26938.00000
26582.00000
26149.00000
25770.00000
25617.00000
25725.00000
25808.00000
25888.00000
26028.00000
26111.00000
26153.00000
26334.00000
26395.00000
26613.00000
26692.00000
26867.00000
26932.00000
27055.00000
27140.00000
27303.00000
27404.00000
27461.00000
27431.00000
27220.00000
26861.00000
26509.00000
26064.00000
25614.00000
25256.00000
25038.00000
24911.00000
24836.00000
24972.00000
25334.00000
25811.00000
26147.00000
26682.00000
26942.00000
27035.00000
27235.00000
27461.00000
27474.00000
27461.00000
27314.00000
27243.00000
27145.00000
27001.00000
26902.00000
26584.00000
26122.00000
25662.00000
25261.00000
24816.00000
24555.00000
24524.00000
24849.00000
25046.00000
25408.00000
25753.00000
26213.00000
26607.00000
27209.00000
27571.00000
27805.00000
27835.00000
27593.00000
27111.00000
26474.00000
25899.00000
25447.00000
25202.00000
25328.00000
25643.00000
26011.00000
26470.00000
26705.00000
26806.00000
26798.00000
26722.00000
26545.00000
26283.00000
25899.00000
25780.00000
25838.00000
25908.00000
25991.00000
26380.00000
26648.00000
26812.00000
26626.00000
26515.00000
26134.00000
25734.00000
25699.00000
25285.00000
25053.00000
25015.00000
25040.00000
25282.00000
25415.00000
25648.00000
25858.00000
26130.00000
26365.00000
26609.00000
26778.00000
26874.00000
27035.00000
27080.00000
27148.00000
27103.00000
27079.00000
26871.00000
26741.00000
26590.00000
26183.00000
25757.00000
25448.00000
25118.00000
24851.00000
24645.00000
24426.00000
24594.00000
24742.00000
25130.00000
25488.00000
25996.00000
26336.00000
26890.00000
27131.00000
27378.00000
27623.00000
27686.00000
27576.00000
27279.00000
26928.00000
26407.00000
25814.00000
25319.00000
25015.00000
24807.00000
24493.00000
24458.00000
24441.00000
24361.00000
24643.00000
25037.00000
25363.00000
25984.00000
26210.00000
26936.00000
27114.00000
27404.00000
27503.00000
26956.00000
26760.00000
26476.00000
26169.00000
26038.00000
25944.00000
25557.00000
25150.00000
25087.00000
25176.00000
25135.00000
25304.00000
25187.00000
25119.00000
25352.00000
25568.00000
25658.00000
25764.00000
25951.00000
26178.00000
26040.00000
25910.00000
26011.00000
26024.00000
25999.00000
25993.00000
25892.00000
25832.00000
25762.00000
25598.00000
25526.00000
25585.00000
25672.00000
25847.00000
25815.00000
25871.00000
25909.00000
25777.00000
25460.00000
25362.00000
25265.00000
25223.00000
25263.00000
25154.00000
25257.00000
25430.00000
25564.00000
25741.00000
25871.00000
25940.00000
25957.00000
25977.00000
25921.00000
25851.00000
25647.00000
25514.00000
25491.00000
25564.00000
25578.00000
25648.00000
25750.00000
25803.00000
25810.00000
25863.00000
25863.00000
25753.00000
25593.00000
25428.00000
25201.00000
24945.00000
24772.00000
24615.00000
24541.00000
24542.00000
24568.00000
24803.00000
25078.00000
25404.00000
25747.00000
26157.00000
26418.00000
26578.00000
26675.00000
26564.00000
26392.00000
26157.00000
25842.00000
25485.00000
25111.00000
24783.00000
24503.00000
24733.00000
24293.00000
24588.00000
24912.00000
25242.00000
25369.00000
25581.00000
25763.00000
25793.00000
25819.00000
25617.00000
25733.00000
25461.00000
25224.00000
25080.00000
24909.00000
24785.00000
24941.00000
24920.00000
25061.00000
25169.00000
25365.00000
25737.00000
24859.00000
26577.00000
25476.00000
25297.00000
25360.00000
25614.00000
25497.00000
25197.00000
24989.00000
24961.00000
24946.00000
24926.00000
24936.00000
24928.00000
25076.00000
25084.00000
25095.00000
25126.00000
25082.00000
25011.00000
24965.00000
24777.00000
24688.00000
24618.00000
24455.00000
24503.00000
24725.00000
24912.00000
25081.00000
25163.00000
25268.00000
25447.00000
25604.00000
25607.00000
25701.00000
25792.00000
25785.00000
25686.00000
25581.00000
25343.00000
25070.00000
24746.00000
24497.00000
24318.00000
24165.00000
24219.00000
24247.00000
24341.00000
24407.00000
24543.00000
24707.00000
24885.00000
25041.00000
25085.00000
25104.00000
25085.00000
24981.00000
24888.00000
24845.00000
24824.00000
24804.00000
24889.00000
25019.00000
25220.00000
25319.00000
25412.00000
25570.00000
25567.00000
25354.00000
25022.00000
24627.00000
24152.00000
23748.00000
23479.00000
23251.00000
23067.00000
23101.00000
23326.00000
23752.00000
24161.00000
24676.00000
25108.00000
25459.00000
25728.00000
25894.00000
26078.00000
26071.00000
26084.00000
25962.00000
25642.00000
25222.00000
24773.00000
24394.00000
23953.00000
23695.00000
23556.00000
23578.00000
23646.00000
23896.00000
24266.00000
24632.00000
25003.00000
25360.00000
25683.00000
25873.00000
25901.00000
25743.00000
25420.00000
25025.00000
24675.00000
24319.00000
23991.00000
23740.00000
23670.00000
23648.00000
23802.00000
23986.00000
24172.00000
24380.00000
24565.00000
24706.00000
24868.00000
24895.00000
24930.00000
24963.00000
24994.00000
25032.00000
25060.00000
25017.00000
24958.00000
24865.00000
24740.00000
24640.00000
24473.00000
24336.00000
24248.00000
24164.00000
24053.00000
23994.00000
23978.00000
23963.00000
24076.00000
24171.00000
24342.00000
24494.00000
24604.00000
24680.00000
24530.00000
24356.00000
24237.00000
24216.00000
24273.00000
24422.00000
24568.00000
24694.00000
24771.00000
24727.00000
24689.00000
24696.00000
24717.00000
24668.00000
24452.00000
24226.00000
24078.00000
23949.00000
23818.00000
23672.00000
23491.00000
23397.00000
23427.00000
23591.00000
23783.00000
24123.00000
24521.00000
24814.00000
25026.00000
25062.00000
24957.00000
24832.00000
24730.00000
24652.00000
24586.00000
24515.00000
24427.00000
24363.00000
24225.00000
24132.00000
23938.00000
23798.00000
23677.00000
23520.00000
23424.00000
23389.00000
23478.00000
23532.00000
23641.00000
23685.00000
23882.00000
24132.00000
24440.00000
24646.00000
24840.00000
24969.00000
25005.00000
24916.00000
24607.00000
24305.00000
23962.00000
23515.00000
23141.00000
22873.00000
22699.00000
22640.00000
22814.00000
22964.00000
23353.00000
23725.00000
24156.00000
24560.00000
24784.00000
25027.00000
25053.00000
24903.00000
24597.00000
24363.00000
23866.00000
23560.00000
23385.00000
23148.00000
23077.00000
23095.00000
23123.00000
23340.00000
23498.00000
23666.00000
23932.00000
24113.00000
24122.00000
24170.00000
24166.00000
24172.00000
24176.00000
24227.00000
24352.00000
23705.00000
24236.00000
24281.00000
24166.00000
23002.00000
23955.00000
24087.00000
22836.00000
22700.00000
23001.00000
22919.00000
22727.00000
22666.00000
22817.00000
23081.00000
23380.00000
23631.00000
24141.00000
24408.00000
24610.00000
24872.00000
24968.00000
24962.00000
24657.00000
24335.00000
24109.00000
23710.00000
23233.00000
22833.00000
22676.00000
22546.00000
22545.00000
22633.00000
22733.00000
22832.00000
22990.00000
23193.00000
23322.00000
23480.00000
23594.00000
23661.00000
23772.00000
23870.00000
24011.00000
24139.00000
24341.00000
24536.00000
24666.00000
24581.00000
24429.00000
24207.00000
23851.00000
23443.00000
23142.00000
22847.00000
22635.00000
22532.00000
22349.00000
22299.00000
22354.00000
22422.00000
22554.00000
22773.00000
22972.00000
23166.00000
23330.00000
23595.00000
23788.00000
23932.00000
24020.00000
24067.00000
24143.00000
24061.00000
23972.00000
23709.00000
23521.00000
23234.00000
23040.00000
22807.00000
22676.00000
22528.00000
22548.00000
22612.00000
22796.00000
23099.00000
23422.00000
23684.00000
23843.00000
23899.00000
23892.00000
23829.00000
23668.00000
23402.00000
23138.00000
22828.00000
22641.00000
22564.00000
22634.00000
22757.00000
22910.00000
22997.00000
23177.00000
23398.00000
23651.00000
23753.00000
23747.00000
23649.00000
23479.00000
23329.00000
23180.00000
23205.00000
23150.00000
23119.00000
23115.00000
23085.00000
23055.00000
23003.00000
22872.00000
22723.00000
22528.00000
22374.00000
22344.00000
22371.00000
22531.00000
22719.00000
22998.00000
23262.00000
23500.00000
23635.00000
23621.00000
23576.00000
23418.00000
23218.00000
22998.00000
22788.00000
22707.00000
22737.00000
22858.00000
22966.00000
22982.00000
23055.00000
23099.00000
23135.00000
23178.00000
23156.00000
23098.00000
23057.00000
22935.00000
22838.00000
22766.00000
22747.00000
22737.00000
22764.00000
22784.00000
22791.00000
22842.00000
22827.00000
22844.00000
22914.00000
22932.00000
22887.00000
22904.00000
22917.00000
23001.00000
23072.00000
23199.00000
23234.00000
23161.00000
23124.00000
23107.00000
23108.00000
23153.00000
23186.00000
23137.00000
23159.00000
23192.00000
23146.00000
23017.00000
22909.00000
22696.00000
22501.00000
22369.00000
22274.00000
22255.00000
22228.00000
22262.00000
22305.00000
22383.00000
22484.00000
22675.00000
22809.00000
22983.00000
23227.00000
23353.00000
23389.00000
23325.00000
23216.00000
23128.00000
23026.00000
22920.00000
22800.00000
22642.00000
22550.00000
22429.00000
22365.00000
22252.00000
22231.00000
22243.00000
22290.00000
22323.00000
22360.00000
22461.00000
22572.00000
22717.00000
22792.00000
22826.00000
22874.00000
22868.00000
22827.00000
22756.00000
22676.00000
22557.00000
22490.00000
22498.00000
22643.00000
22826.00000
22972.00000
23155.00000
23250.00000
23244.00000
